84	9	101
87	25	100
40	48	138
44	53	117
45	52	118
78	9	105
31	5	122
10	9	109
56	28	151
53	41	138
60	25	150
48	25	170
64	3	116
47	32	159
33	33	158
4	33	122
27	11	149
72	54	97
78	14	106
76	56	96
81	55	95
23	33	174
61	15	144
49	42	134
3	40	118
28	53	149
17	24	180
37	36	168
60	50	108
43	42	138
17	27	184
67	32	128
78	45	96
11	58	109
15	55	114
50	7	120
53	4	116
43	46	130
67	48	105
48	37	145
2	43	110
37	45	158
80	41	99
18	48	152
56	25	153
43	29	166
50	8	121
76	10	108
44	2	111
82	40	99
65	58	101
76	12	111
52	36	146
74	24	125
72	28	125
31	37	155
70	51	99
80	42	98
29	30	160
36	6	116
73	41	107
59	57	104
57	27	151
82	27	110
1	42	108
43	24	165
5	38	132
34	51	149
14	28	170
55	4	115
16	29	182
28	13	151
35	1	110
49	38	143
31	36	152
12	30	165
71	17	134
71	27	129
69	47	100
37	37	166
36	30	176
34	22	168
46	54	114
44	44	132
9	22	129
5	49	110
9	47	122
45	47	127
66	30	135
62	55	104
8	55	110
55	56	106
84	35	100
28	10	145
67	3	118
32	31	159
60	26	150
62	6	118
11	16	125
27	35	157
49	35	151
19	55	119
4	9	103
2	53	108
56	29	149
16	31	183
50	16	142
27	2	124
35	56	122
25	59	110
2	8	101
3	2	102
78	29	112
15	21	165
20	46	169
83	54	95
28	52	154
69	60	99
17	61	104
68	14	139
81	57	95
81	34	105
9	27	137
66	44	116
42	22	160
36	28	178
61	32	137
76	47	96
1	35	110
87	45	95
67	57	100
23	20	177
24	10	144
55	6	117
39	51	130
59	11	132
79	18	103
60	38	140
81	43	97
53	51	113
36	50	148
4	56	107
34	39	170
86	38	98
47	6	118
34	18	151
44	21	154
47	4	116
44	26	166
32	27	173
27	32	158
68	3	119
47	33	157
60	55	104
28	1	118
60	32	138
53	59	105
52	37	145
69	59	99
73	6	113
84	41	98
45	27	168
11	26	150
87	50	94
41	57	110
82	45	96
61	59	102
79	42	98
16	6	121
83	43	97
17	16	149
24	30	175
36	45	163
62	2	115
5	60	106
62	25	150
80	16	104
13	56	112
12	10	114
32	39	169
45	46	128
33	20	160
39	44	146
63	43	131
36	51	142
87	20	100
56	2	112
6	15	106
83	13	101
78	3	102
20	5	129
32	19	160
63	5	117
67	11	130
80	38	101
47	60	106
34	61	109
72	17	127
25	26	183
73	21	129
16	58	110
25	1	123
33	4	116
46	13	131
54	20	153
29	25	180
35	34	167
58	45	128
65	11	131
29	14	153
78	20	103
83	39	99
68	45	110
80	61	95
5	51	110
81	29	111
64	45	119
33	18	153
44	11	125
75	57	96
66	29	138
29	1	117
28	37	156
42	31	167
85	14	99
23	5	133
62	48	114
86	2	98
43	61	107
73	55	96
33	50	158
29	46	180
8	37	144
16	60	106
10	54	113
52	57	107
36	21	160
78	55	96
47	25	170
75	53	96
87	30	100
62	50	107
40	7	115
19	2	122
26	27	178
21	13	143
76	36	111
16	54	120
39	9	119
87	35	99
6	28	126
41	47	135
8	45	126
63	31	136
6	31	134
28	47	180
32	2	114
50	12	130
54	42	136
18	22	176
18	10	128
81	15	103
37	1	108
87	49	94
76	60	96
35	41	168
49	8	121
84	15	101
20	22	179
56	38	140
72	49	98
47	23	167
43	11	123
14	9	117
13	25	161
71	25	132
43	37	152
60	37	140
46	19	148
52	25	162
83	44	96
1	4	101
3	7	103
86	46	95
70	9	124
33	14	143
39	60	109
21	43	184
85	27	106
16	15	141
68	40	118
86	24	101
5	21	109
61	41	140
76	3	103
2	34	112
71	13	129
39	54	120
22	23	186
33	16	149
23	27	187
23	22	184
42	24	167
32	41	174
39	50	136
15	27	174
6	36	135
37	23	170
21	8	134
23	55	133
40	32	173
49	43	132
60	23	150
79	12	105
67	4	119
78	30	113
19	21	175
25	43	180
21	36	190
22	22	182
15	53	121
61	22	150
48	54	113
47	35	151
66	5	119
2	44	109
84	52	95
9	49	117
46	29	166
39	19	152
51	26	167
35	40	167
36	23	170
8	3	107
58	26	150
59	36	139
31	32	154
30	10	141
12	53	117
34	58	116
57	16	144
28	3	125
43	44	134
45	11	125
32	9	132
47	5	117
50	5	118
24	16	165
67	36	124
31	11	141
86	50	94
87	9	100
39	28	180
68	48	102
19	59	108
49	25	170
26	4	134
58	13	139
47	40	136
20	45	173
59	46	121
40	16	140
78	27	111
19	61	105
18	9	127
40	2	108
2	26	106
82	12	102
61	42	139
39	29	180
76	53	96
14	46	144
31	47	176
54	48	116
76	23	116
53	18	149
21	42	186
52	2	116
7	11	105
8	40	142
32	52	149
24	6	137
42	11	122
50	43	132
6	57	108
36	12	131
26	33	161
1	20	102
75	41	105
46	21	155
58	43	137
55	17	146
55	24	155
41	16	141
61	40	140
63	41	135
72	37	113
45	49	123
4	45	113
73	49	97
18	42	175
63	1	114
46	1	111
3	46	110
40	22	164
52	7	121
69	43	111
62	42	137
80	57	96
34	10	130
73	2	111
53	6	119
64	21	150
32	46	178
33	49	164
19	37	191
68	23	144
20	12	137
34	29	171
82	34	105
71	37	115
42	13	129
51	41	136
82	49	96
63	21	150
84	57	94
45	30	163
42	49	129
20	41	188
11	1	109
36	39	164
71	22	137
40	60	109
58	11	132
32	1	115
81	58	95
86	27	104
54	22	156
66	11	131
68	41	117
53	29	157
38	55	119
43	32	161
68	19	147
53	30	155
75	30	118
23	17	167
42	60	107
2	30	110
84	40	98
66	39	125
35	37	170
17	31	186
46	35	151
47	1	112
3	42	114
12	43	149
26	11	149
41	26	173
59	59	103
14	29	171
40	29	178
75	14	114
80	3	101
27	59	110
77	56	96
70	61	97
23	42	183
29	7	135
25	56	128
80	26	110
61	39	140
38	58	110
12	51	122
84	42	97
55	54	107
59	20	150
10	57	110
4	16	105
68	50	100
10	6	110
52	11	128
82	32	109
4	5	104
73	16	123
87	12	99
48	49	121
45	41	135
19	16	152
37	8	118
3	44	111
73	32	118
73	38	110
14	27	168
26	61	108
66	54	101
4	3	104
84	55	94
73	34	116
52	12	131
15	46	148
28	7	137
72	50	98
62	3	115
73	53	97
23	57	121
67	38	123
54	30	152
43	20	150
10	11	110
78	49	96
18	51	141
73	40	108
45	26	167
22	44	184
46	8	120
83	22	101
42	10	120
79	58	96
37	12	128
83	51	95
72	24	131
53	13	135
7	32	142
14	43	156
76	21	110
63	39	134
19	58	110
42	20	151
41	28	175
29	9	140
38	17	147
30	3	120
35	57	118
63	61	100
31	24	178
18	8	127
26	51	159
59	27	150
4	35	125
36	14	140
67	44	114
37	10	121
30	7	133
60	52	105
14	16	137
78	58	96
81	47	96
70	53	99
3	5	103
38	2	109
61	44	134
64	50	106
27	54	140
8	52	113
36	5	114
55	58	105
36	34	170
21	33	188
68	43	114
30	55	136
71	9	122
80	25	107
64	28	143
30	29	164
60	20	150
13	58	109
48	47	124
42	47	132
10	19	127
39	48	143
27	47	180
70	2	117
17	38	186
37	46	156
69	7	123
58	21	150
87	39	97
52	56	109
6	12	105
58	15	143
66	21	150
32	18	156
18	7	126
8	46	122
70	32	123
22	4	130
78	60	96
21	27	191
19	33	192
43	6	116
70	29	127
59	3	114
48	1	113
23	14	156
49	44	130
32	6	122
74	41	106
7	34	142
51	6	120
3	53	108
69	31	126
11	42	146
84	53	95
72	16	128
47	7	119
34	5	116
64	55	103
1	32	108
47	14	135
55	15	141
67	42	118
47	56	111
8	24	127
73	11	121
9	48	119
77	33	112
32	48	172
12	40	157
62	1	114
26	29	169
7	44	125
86	3	98
82	15	102
13	6	113
85	38	98
26	41	176
68	57	100
14	33	179
29	52	153
84	58	94
85	25	102
75	3	105
19	12	134
74	54	96
56	32	144
70	6	121
12	23	151
59	5	116
34	44	173
65	20	150
8	32	147
69	25	137
68	31	127
57	11	131
1	36	110
1	52	107
76	51	96
59	33	140
19	43	177
87	34	100
42	29	169
39	22	164
78	28	112
11	40	151
53	5	118
49	4	117
51	59	105
66	17	149
14	7	116
44	16	141
55	55	107
52	55	109
24	24	187
45	54	113
17	21	170
84	25	103
63	25	150
17	17	153
55	57	105
54	32	149
73	4	112
72	43	106
71	39	112
3	23	106
33	1	113
65	38	128
34	8	122
18	54	121
58	34	140
27	46	181
57	44	132
74	23	125
19	10	130
46	48	124
58	29	147
71	23	135
7	24	122
9	30	146
30	36	151
20	14	143
46	20	151
11	45	137
73	44	100
43	45	132
8	31	146
50	39	141
31	9	136
60	16	146
68	1	117
70	14	134
31	10	138
86	10	100
58	4	114
40	15	136
15	9	120
78	56	96
56	52	108
27	27	175
41	21	157
38	36	167
36	54	127
77	32	113
34	35	162
33	3	114
65	29	139
2	46	109
72	2	113
35	11	131
14	50	131
36	15	142
40	9	118
42	27	170
66	6	120
52	46	124
68	17	145
32	45	178
84	4	99
48	60	105
27	51	160
49	16	142
64	23	150
15	49	138
38	49	144
30	56	130
17	2	120
49	55	110
64	40	131
1	11	101
74	19	118
47	10	124
85	8	100
32	47	175
58	2	113
46	60	106
44	59	108
78	12	107
27	9	144
33	8	125
75	1	104
18	50	145
21	21	177
57	48	110
20	34	192
86	40	97
75	8	108
80	17	104
31	4	120
39	18	149
71	33	120
25	5	136
57	33	141
18	43	171
40	31	176
56	61	103
37	18	149
71	8	121
22	3	128
77	43	97
22	17	164
18	13	134
4	27	117
53	40	141
64	53	102
35	23	171
1	60	104
47	47	124
12	39	159
4	12	104
1	30	107
12	12	119
47	29	165
54	28	155
23	60	106
63	49	110
72	44	105
48	31	163
18	52	134
5	33	129
50	60	104
60	3	114
68	11	129
28	5	132
51	12	131
3	56	107
48	38	142
26	18	171
30	59	115
67	46	108
15	13	128
42	51	125
33	17	150
20	61	107
14	53	119
28	55	135
82	29	111
39	17	145
16	42	168
50	1	114
40	52	124
48	18	147
62	5	117
74	45	100
77	42	100
53	31	153
22	61	106
81	49	96
32	37	158
50	34	155
53	57	106
54	52	110
74	60	96
86	48	95
34	45	170
27	39	166
46	12	128
37	41	157
9	29	142
13	43	153
16	48	145
74	5	109
74	22	124
63	27	147
80	54	96
22	6	133
5	7	105
72	53	98
58	49	110
12	34	168
61	13	140
4	31	120
4	54	108
83	4	99
57	61	103
58	35	140
85	1	98
75	9	109
16	3	118
41	2	108
7	18	113
59	8	120
70	4	120
12	48	131
15	8	119
38	5	114
5	12	104
56	58	104
13	54	116
19	1	120
79	34	107
17	32	187
59	22	150
5	41	128
14	44	152
32	32	157
75	35	113
74	35	114
23	2	126
9	60	107
56	17	146
61	23	150
83	17	102
12	6	111
14	4	117
39	10	120
28	50	170
23	48	171
54	31	150
21	25	190
54	25	157
85	9	101
82	55	95
63	20	150
80	18	102
41	38	156
51	17	145
7	31	140
27	37	159
53	50	115
55	12	133
78	52	96
32	61	110
53	22	157
73	25	127
58	1	112
23	47	176
34	25	177
17	51	137
17	13	132
40	21	160
82	56	95
84	17	101
31	40	171
45	19	148
68	24	142
62	60	101
16	18	156
76	16	108
47	46	126
33	32	160
67	54	100
63	3	116
20	1	121
59	40	140
16	45	157
4	30	119
75	50	96
10	46	130
73	56	96
45	39	139
52	42	134
56	8	120
38	34	170
19	41	184
55	46	120
77	59	96
74	40	107
62	43	134
10	38	151
77	57	96
15	10	121
62	53	102
29	31	157
46	31	160
30	16	157
87	2	97
63	24	150
5	31	128
69	34	122
27	50	169
37	22	164
25	16	164
84	21	100
13	48	134
51	2	116
44	31	161
57	34	141
20	36	191
67	27	139
84	39	98
77	37	108
7	37	140
2	2	101
78	1	100
6	55	108
28	26	179
27	52	154
56	39	140
41	22	162
60	30	142
82	17	103
1	47	108
71	43	107
40	6	113
67	24	146
57	2	112
16	39	180
1	16	102
5	50	110
64	17	150
39	59	110
25	33	164
17	11	127
27	61	109
32	50	162
65	35	129
19	23	181
28	16	163
54	56	107
17	35	189
47	26	170
58	56	105
50	52	116
81	11	103
49	52	116
66	7	122
85	56	94
35	32	167
32	13	143
30	18	163
52	34	150
67	41	120
51	5	119
68	37	121
81	36	104
21	49	158
51	30	161
84	8	101
68	18	146
33	44	178
75	10	109
64	31	135
33	27	173
62	20	150
2	35	113
44	47	128
75	7	108
4	40	124
41	39	153
9	42	142
11	29	159
82	44	97
2	4	102
83	27	109
57	32	142
32	33	154
38	10	120
81	25	106
37	47	153
20	57	114
2	6	102
49	49	120
73	23	128
23	12	147
51	45	128
40	30	176
5	45	115
87	13	99
65	61	100
79	1	100
69	49	100
64	13	139
3	6	103
56	34	143
72	10	122
6	23	116
15	7	119
14	13	126
85	41	97
81	35	103
56	13	137
53	10	126
14	1	111
6	43	126
36	37	167
61	57	103
58	50	110
34	6	118
45	56	110
76	58	96
7	30	135
11	22	143
78	41	100
81	14	103
6	61	106
22	12	143
67	26	141
19	36	191
43	34	159
9	28	139
57	6	116
87	14	99
45	33	156
50	3	116
70	37	117
16	24	176
71	20	138
77	1	101
55	2	113
11	55	112
3	14	104
37	13	132
80	7	103
47	31	161
14	42	161
56	23	153
6	3	105
47	42	132
63	44	128
80	51	96
53	16	143
65	4	118
3	26	110
57	52	107
72	36	114
80	4	102
64	10	128
12	5	112
4	55	108
38	26	180
49	40	138
18	4	123
69	35	121
39	20	156
85	39	98
23	52	147
37	25	178
78	48	96
81	39	99
74	8	112
79	13	105
42	14	133
4	50	109
11	59	108
27	3	128
8	29	135
30	31	156
48	13	132
7	58	108
48	55	111
77	12	109
67	14	140
52	43	131
25	9	144
86	53	94
56	24	153
62	11	133
41	50	129
81	26	109
27	16	163
79	56	96
22	32	183
72	59	97
11	3	110
41	11	122
84	22	101
4	11	103
5	44	119
35	58	114
50	20	157
62	13	140
59	26	150
86	58	94
7	48	114
83	8	101
58	17	147
67	58	100
45	58	109
19	52	139
67	34	126
11	27	154
51	3	117
31	8	133
63	2	115
13	57	110
55	53	108
8	53	112
71	50	99
71	58	97
13	13	124
84	3	99
61	2	114
25	2	128
53	38	144
56	59	104
7	57	108
86	55	94
60	34	138
19	34	191
16	12	128
26	35	160
78	47	96
8	60	107
24	53	144
66	16	148
83	34	102
24	45	181
64	42	127
47	45	127
41	4	111
29	12	147
6	14	106
21	22	181
38	56	117
10	51	117
83	9	102
5	48	110
41	20	152
27	53	148
85	46	95
75	21	116
85	47	95
59	37	140
14	20	161
69	32	125
53	60	104
78	25	110
84	27	107
66	53	101
79	17	104
51	56	109
13	45	143
27	18	171
40	17	145
5	23	112
7	13	106
29	48	177
50	56	110
25	35	164
62	31	138
55	61	103
23	53	142
29	28	168
54	8	120
18	39	186
30	4	122
65	55	103
38	23	169
19	20	172
57	42	140
81	37	100
6	51	110
33	25	176
67	7	123
5	6	105
47	30	163
31	6	127
69	53	100
5	53	109
43	15	138
28	61	110
73	3	112
14	30	173
11	24	146
6	44	122
70	17	141
52	1	115
59	35	139
7	50	110
70	60	98
19	22	178
82	46	96
64	44	122
16	51	133
54	26	157
32	29	166
73	7	113
29	49	175
23	9	139
74	53	96
21	9	135
13	34	174
33	38	166
20	23	184
87	37	98
7	54	110
70	59	98
63	50	107
80	8	103
85	11	100
86	34	100
32	36	155
77	58	96
78	40	100
16	5	120
51	51	117
71	30	124
28	30	161
61	24	150
50	24	170
81	24	104
79	16	105
17	9	125
25	61	107
47	24	169
77	4	103
3	4	103
33	52	146
63	15	145
4	36	126
72	42	106
3	61	104
76	2	103
82	60	95
36	36	168
44	49	124
22	5	132
11	39	154
38	7	117
46	22	160
17	58	110
49	11	127
49	26	170
28	15	159
33	61	110
52	29	159
70	5	120
17	7	124
37	34	170
42	56	110
6	59	107
2	3	102
31	54	141
71	59	97
74	37	111
60	57	104
57	7	117
34	55	130
66	61	100
68	60	99
83	2	99
51	25	168
76	37	110
73	17	123
53	27	158
21	45	177
67	35	125
8	48	116
62	16	147
71	45	105
54	59	104
85	36	99
84	2	99
58	51	108
65	3	117
49	33	159
18	16	151
44	58	109
82	11	102
48	27	170
76	38	107
17	14	135
15	12	126
44	37	150
12	36	168
48	16	142
64	46	117
77	47	96
51	28	164
79	51	96
5	26	118
82	5	101
8	7	108
53	48	118
2	20	103
11	46	133
63	17	150
72	7	117
39	43	148
18	28	188
22	56	119
24	26	184
20	56	118
75	36	112
86	35	99
53	11	129
11	48	126
80	11	104
26	56	127
60	60	102
18	46	161
53	26	159
34	36	164
16	14	134
16	44	161
25	34	164
65	41	126
60	48	110
36	32	171
18	5	124
2	21	102
36	29	178
37	2	109
14	39	171
86	52	94
53	2	115
49	41	135
17	55	116
22	46	177
17	28	184
31	12	143
50	32	160
44	39	143
17	53	125
40	41	148
3	20	104
58	39	140
73	58	96
4	29	117
77	8	106
27	4	131
33	41	173
7	33	142
56	55	108
35	18	150
22	57	116
59	48	110
43	40	144
54	11	129
62	23	150
16	56	111
74	31	118
60	29	145
81	50	96
45	13	130
15	26	173
78	34	110
76	46	96
36	2	110
74	4	108
80	12	104
52	35	148
60	49	110
38	28	180
30	34	148
83	16	102
2	25	106
62	39	137
87	27	100
82	4	100
35	33	167
21	31	190
19	30	193
43	22	159
87	4	98
4	21	106
21	1	122
15	41	168
26	39	168
23	41	182
29	19	171
17	3	120
40	27	179
30	22	177
35	19	154
37	43	157
86	30	105
33	28	172
17	41	175
7	15	108
10	43	141
44	48	125
58	42	140
31	48	174
18	11	130
8	27	131
10	2	109
13	28	165
59	43	137
59	19	150
49	59	105
15	48	141
35	38	169
55	7	119
51	44	130
14	36	176
23	30	179
68	20	147
37	59	110
52	15	139
87	56	94
33	57	121
18	21	172
64	57	102
64	1	115
52	22	159
86	59	94
9	57	109
64	52	101
52	17	145
33	12	138
8	49	114
29	3	121
18	56	112
8	6	108
45	15	139
6	39	136
80	28	111
25	11	149
7	19	114
28	38	159
35	53	136
42	18	146
66	52	100
79	25	107
71	21	137
48	58	106
30	28	167
70	11	126
43	53	117
25	3	131
64	49	109
37	20	156
46	14	135
36	46	161
24	37	170
57	49	110
68	38	120
31	52	151
13	37	171
29	55	135
36	38	166
70	33	122
9	13	110
44	12	127
45	29	165
73	60	96
74	49	96
37	17	147
73	57	96
51	27	166
68	56	100
76	14	110
4	57	107
66	34	128
52	14	137
42	40	147
78	32	112
11	44	140
57	56	105
58	59	103
80	29	111
44	40	140
20	39	190
11	37	160
85	31	107
56	18	148
39	15	137
5	18	108
26	6	138
36	25	178
23	34	174
3	10	102
40	53	121
44	27	166
69	19	144
40	44	141
86	47	95
16	16	147
55	3	114
20	20	173
15	32	182
77	24	110
65	26	147
63	30	139
85	3	98
64	51	104
7	40	139
52	3	117
47	61	105
11	43	144
84	1	98
24	2	127
38	21	160
7	22	120
55	52	109
86	16	100
19	60	106
44	17	143
69	40	115
77	50	96
65	51	103
63	11	132
78	17	105
50	33	159
48	2	114
67	40	121
16	52	129
14	34	178
48	4	116
81	23	103
2	13	103
81	1	99
36	47	160
9	54	112
58	16	145
26	8	142
45	8	119
22	13	147
23	21	181
30	61	110
17	44	165
5	27	121
1	13	102
5	4	105
70	49	100
38	52	128
5	47	112
69	51	100
13	52	120
30	21	174
48	50	120
42	43	137
5	36	131
46	43	130
64	8	120
19	4	126
24	44	181
13	40	163
3	12	103
48	53	115
83	58	94
15	1	114
15	57	110
49	32	161
85	26	105
58	19	150
63	57	102
45	14	134
65	19	150
64	30	138
13	12	121
37	4	112
25	7	140
14	3	115
10	3	109
20	16	154
41	14	132
8	10	106
12	60	107
59	49	110
70	38	116
60	13	140
38	60	109
23	37	176
38	40	157
16	33	186
22	52	145
31	3	118
30	47	178
11	33	164
55	20	152
47	37	145
24	50	161
22	9	137
72	15	129
29	37	154
53	33	150
24	55	134
70	55	99
45	34	154
20	44	177
54	21	154
13	19	150
69	41	114
40	46	139
36	41	161
27	12	151
31	29	165
35	17	148
9	12	108
32	28	170
61	56	104
17	10	126
69	50	100
26	52	152
26	44	180
4	7	104
4	18	107
43	5	115
51	46	125
34	17	148
12	61	106
84	34	101
8	44	130
1	21	101
3	39	120
67	49	103
80	21	102
29	6	132
14	38	174
21	24	189
67	33	127
82	26	109
84	47	95
81	20	101
76	41	100
65	37	128
13	11	119
4	6	104
72	9	120
31	56	129
34	52	143
46	47	125
2	5	102
5	42	126
87	24	101
87	1	97
55	23	155
12	49	128
76	29	117
69	39	116
62	27	148
28	48	179
42	9	119
50	53	113
68	46	106
63	32	135
16	26	180
57	38	140
37	3	111
70	46	100
28	31	158
15	54	117
59	30	143
8	56	109
62	12	137
40	13	128
42	30	168
66	33	129
10	37	154
10	41	146
35	46	165
5	3	105
32	54	140
4	22	107
61	47	119
42	38	153
74	20	120
43	28	168
1	33	110
4	4	104
54	12	132
1	38	110
34	12	136
79	37	105
10	25	141
87	51	94
78	21	104
59	51	107
52	38	143
55	47	117
56	15	142
75	26	121
84	18	100
10	58	109
68	42	115
32	23	174
38	8	118
7	45	121
47	34	155
49	46	125
54	39	141
51	10	126
16	49	142
21	15	154
67	17	147
83	5	100
35	12	134
75	34	114
86	23	101
22	27	190
81	6	102
66	14	141
28	24	180
45	18	146
31	50	168
42	23	164
84	49	95
23	25	190
41	56	112
82	3	100
37	28	179
8	5	108
38	35	168
43	55	111
77	41	100
87	41	96
76	26	118
15	19	160
2	7	102
44	32	159
2	11	102
45	23	161
71	52	99
15	58	110
76	9	107
28	41	173
16	53	125
21	50	152
4	19	106
47	18	146
71	2	115
87	21	100
61	5	116
41	43	139
70	28	129
45	61	106
57	45	126
68	16	143
42	28	170
70	18	141
12	25	154
2	28	109
46	4	115
23	36	174
54	46	121
1	28	107
63	59	102
62	7	118
22	24	190
40	37	161
12	45	140
39	37	163
33	43	176
9	38	148
39	53	123
53	61	104
30	13	148
38	15	139
63	4	117
67	56	101
38	44	152
84	29	109
43	50	124
46	56	110
8	15	110
39	31	178
29	26	179
66	56	102
39	7	116
10	59	108
63	16	148
76	50	96
57	3	113
51	33	156
24	47	179
48	12	129
16	40	176
10	27	148
23	13	150
68	6	121
43	7	117
6	18	110
87	18	100
4	2	103
14	6	115
52	47	122
79	33	110
66	10	128
83	59	94
72	23	133
85	22	101
13	15	129
80	24	105
70	20	141
3	16	104
64	37	131
15	30	179
76	28	118
43	51	122
15	11	124
1	8	100
17	25	182
19	29	192
36	44	163
58	46	120
29	35	150
16	23	174
55	28	152
35	47	163
87	22	100
21	6	131
48	43	131
8	39	143
41	59	109
68	29	130
72	4	115
70	19	141
17	36	189
41	13	128
71	24	133
35	48	160
84	36	99
3	57	106
24	15	161
65	34	130
72	21	133
55	35	145
36	22	165
14	60	106
22	41	187
7	47	116
49	58	106
6	25	119
55	11	130
87	7	99
63	55	103
25	29	174
38	22	164
11	50	121
75	37	111
6	34	136
55	19	150
82	48	96
49	27	170
4	49	110
18	53	127
63	47	116
85	43	96
12	41	154
52	18	149
61	10	129
4	37	127
8	58	108
43	57	110
17	26	183
72	11	124
10	15	118
49	3	115
8	33	146
46	58	108
8	47	118
15	38	178
26	24	182
43	2	110
53	12	132
3	48	110
64	35	131
31	34	149
45	31	161
58	3	113
80	27	111
82	13	101
39	26	179
60	4	115
72	8	119
81	17	103
23	1	123
82	53	95
11	56	111
23	49	166
30	52	154
36	26	179
12	21	149
67	47	107
57	57	104
86	33	100
19	27	190
8	14	108
65	40	128
74	36	113
35	22	166
46	39	139
45	53	116
45	5	116
36	1	109
2	22	102
58	30	144
51	54	110
44	13	130
46	38	142
8	2	107
55	49	111
79	23	104
55	26	155
6	13	105
31	43	179
37	44	158
13	5	114
24	23	186
1	50	108
30	25	179
25	57	121
59	32	140
79	5	102
35	30	172
34	40	170
43	52	120
87	23	101
63	18	150
27	45	181
11	15	123
16	59	108
26	7	140
15	16	143
2	23	103
68	30	128
57	30	146
40	50	132
55	50	110
80	1	99
6	45	118
86	21	100
77	36	108
73	52	97
39	1	107
77	7	105
51	43	132
20	55	123
9	1	107
7	46	118
35	9	123
27	7	139
19	28	191
22	7	135
70	40	112
84	7	100
28	18	169
11	31	162
49	51	119
57	50	110
45	51	120
14	32	177
21	59	110
37	29	179
44	33	157
85	19	100
45	37	146
52	50	117
10	17	122
84	59	94
3	21	104
32	8	129
31	57	124
69	33	123
13	24	159
26	2	127
66	20	150
49	6	119
65	56	102
37	51	139
83	61	94
51	47	122
77	34	111
87	42	96
21	11	137
34	49	160
60	28	148
3	35	119
46	53	116
68	12	131
16	4	118
76	48	96
73	47	97
83	15	101
34	21	163
47	16	142
5	17	107
50	54	111
19	44	172
34	57	119
5	37	132
53	56	108
82	7	101
61	12	137
66	8	123
55	38	141
33	21	165
4	23	108
42	33	166
30	51	162
74	42	105
76	7	106
61	6	117
79	9	104
21	10	136
28	20	177
52	6	120
87	58	94
60	1	112
6	32	137
5	1	104
23	29	183
28	9	142
37	7	117
5	46	114
84	60	94
57	58	104
86	19	100
70	25	134
55	29	152
8	43	135
33	22	170
9	3	108
62	28	145
60	41	140
13	26	162
67	12	133
22	36	183
17	20	166
31	59	116
12	50	125
77	9	106
34	48	163
50	17	145
11	52	118
71	7	120
10	32	159
80	6	103
2	47	109
71	56	98
80	58	96
56	44	130
42	17	143
21	47	169
80	19	101
29	18	166
31	7	131
73	42	106
31	1	114
32	17	153
12	32	167
79	36	106
38	51	134
38	54	122
30	35	149
28	35	153
87	61	94
52	60	104
37	30	178
7	26	125
8	4	108
8	41	141
61	45	130
31	21	171
42	55	112
44	28	166
77	27	114
25	44	181
3	60	105
83	35	100
45	44	130
13	61	105
23	59	110
56	57	105
7	60	107
66	27	143
41	36	160
13	21	155
28	46	180
15	14	131
66	4	118
87	54	94
47	2	113
40	61	108
70	52	99
26	9	144
78	53	96
74	27	121
21	14	147
25	39	171
65	47	112
30	15	154
47	41	134
4	8	103
3	43	112
57	46	120
85	48	95
76	20	109
15	52	126
24	35	168
24	60	106
30	49	173
21	32	189
23	39	179
44	38	146
3	27	111
57	59	104
75	27	120
67	18	148
49	15	139
66	28	141
83	10	102
43	25	166
30	19	168
55	42	137
72	32	119
46	2	112
59	9	122
11	36	164
63	13	139
53	25	159
67	2	117
86	7	99
10	48	122
32	40	172
73	26	125
39	56	115
14	54	117
27	56	128
7	53	111
79	2	101
87	11	100
73	36	113
74	11	117
40	10	120
86	37	98
13	30	168
1	15	102
73	10	119
20	53	136
85	4	99
36	61	109
57	18	148
63	38	134
12	9	112
84	44	96
54	51	111
21	28	192
80	15	104
49	14	135
15	40	172
72	52	98
17	33	189
83	53	95
8	61	106
82	37	100
81	31	110
5	61	105
66	47	109
2	37	116
67	51	100
60	24	150
48	40	137
76	6	105
9	61	107
75	20	113
42	37	155
30	48	175
72	19	132
28	8	140
74	12	119
46	59	107
3	32	115
31	35	150
6	35	136
35	27	178
65	43	121
32	30	162
61	11	133
42	50	127
42	39	150
50	22	166
17	23	178
57	37	140
72	60	97
46	42	132
72	46	100
34	27	176
21	46	173
59	52	106
21	60	108
86	61	94
13	60	107
69	4	120
21	37	191
33	11	136
13	3	113
6	37	136
32	10	136
87	28	100
20	19	170
37	52	130
28	40	169
41	37	158
41	60	108
83	42	98
76	5	104
7	9	106
13	47	137
1	25	104
65	22	150
28	49	175
46	15	139
79	52	96
41	53	119
40	18	148
24	40	177
80	43	97
48	41	135
59	50	109
86	60	94
85	10	101
73	28	123
22	19	172
47	43	130
61	38	140
22	28	189
41	29	173
51	14	136
87	32	100
16	38	181
45	16	141
22	54	136
3	15	104
10	24	140
40	23	167
5	59	106
33	51	153
50	42	134
55	10	126
79	4	102
29	40	169
8	22	124
12	13	121
72	1	112
63	56	103
42	42	140
61	30	141
35	55	128
64	2	116
56	31	146
32	14	146
28	56	128
41	32	171
13	44	148
25	22	183
82	50	96
70	3	118
73	29	122
34	7	120
47	3	114
51	34	152
87	59	94
85	34	100
86	20	100
82	47	96
15	56	112
4	46	111
85	42	96
68	21	147
54	53	109
52	61	104
38	27	180
57	24	151
63	19	150
75	6	107
51	57	107
72	55	97
39	2	108
35	52	140
11	54	114
61	7	118
57	22	151
43	30	165
81	16	104
61	19	150
67	37	123
5	8	104
38	39	161
21	51	148
37	33	170
41	44	138
44	7	118
4	48	110
8	50	112
63	9	123
41	40	149
53	24	159
82	14	102
40	47	139
52	52	113
74	16	117
74	52	96
43	1	109
39	11	121
25	55	134
22	1	122
67	30	131
61	43	136
23	8	138
18	18	158
49	9	123
27	25	180
62	40	138
69	2	118
81	56	95
36	53	130
27	21	180
4	52	109
57	4	115
60	36	138
38	24	173
33	58	117
64	12	136
65	2	116
7	2	106
20	27	191
35	5	114
1	3	101
85	40	98
25	37	166
75	29	118
85	61	94
78	54	96
87	53	94
19	24	185
35	10	127
26	25	183
27	36	158
34	26	177
50	48	121
38	13	130
19	53	131
87	60	94
9	23	130
54	43	132
71	11	125
86	5	99
55	44	129
55	13	136
84	50	95
47	48	123
34	47	165
43	59	108
33	23	173
79	40	100
82	31	110
58	23	150
50	9	123
77	54	96
17	49	145
6	5	106
15	59	108
35	43	168
66	58	100
69	6	121
69	56	99
53	1	114
38	19	152
13	50	128
73	30	121
25	36	165
79	10	105
80	50	96
46	37	145
84	51	95
43	26	167
46	27	169
56	4	115
27	10	146
80	10	104
3	17	105
28	14	155
79	7	103
67	45	112
13	16	133
9	9	108
10	53	115
29	41	174
62	59	102
64	6	119
87	31	100
14	52	123
54	58	105
2	42	110
38	12	126
2	17	104
15	35	183
62	21	150
81	61	95
87	33	100
65	54	103
74	50	96
2	12	102
72	41	108
57	29	148
81	41	98
49	18	148
29	4	125
30	8	136
71	29	125
34	19	155
76	24	117
85	55	94
18	23	181
16	57	110
45	59	108
34	43	173
63	29	141
76	32	115
62	35	134
80	46	96
70	21	141
73	45	100
40	49	136
10	26	142
66	57	101
50	29	166
6	19	110
69	38	117
18	34	190
75	54	96
39	5	114
13	4	115
30	41	173
36	3	111
38	42	153
20	11	135
43	21	155
87	3	97
11	61	106
53	52	112
4	17	106
73	61	96
48	22	164
81	9	103
48	19	149
30	26	176
36	13	136
23	40	180
84	14	100
20	43	181
14	31	175
51	60	104
76	15	109
51	38	143
51	21	161
21	16	158
62	29	142
28	12	149
39	24	172
49	47	123
86	14	99
55	40	140
66	41	123
55	41	140
35	54	131
12	44	144
11	17	127
66	26	145
77	13	109
79	28	111
35	60	110
6	41	133
69	52	100
38	29	180
32	11	139
69	42	112
24	39	174
43	35	158
20	30	194
26	23	181
13	18	145
5	39	131
78	44	97
52	49	119
60	59	103
69	44	108
57	8	119
52	8	122
65	8	123
56	48	111
59	28	149
75	59	96
70	56	99
39	57	112
54	47	118
81	12	103
26	46	180
32	25	177
69	17	143
70	42	108
71	54	98
65	7	120
5	32	131
72	18	129
48	52	117
22	53	141
12	33	168
53	23	158
58	54	105
37	55	121
10	45	134
64	29	140
66	38	125
7	17	111
58	44	133
23	58	115
40	20	155
73	31	119
54	19	151
71	57	98
46	50	120
11	47	129
28	57	122
9	21	127
44	35	155
17	8	124
14	40	169
66	46	111
48	24	170
62	17	150
68	8	124
45	9	120
23	18	170
63	14	142
45	28	166
78	5	103
36	55	124
56	26	153
58	48	110
79	38	102
23	7	137
76	17	108
52	51	115
25	40	175
4	43	117
51	36	147
12	38	162
13	32	170
54	24	157
25	60	108
18	30	189
45	17	144
63	60	101
87	47	95
65	60	100
26	47	180
26	31	163
86	12	100
16	37	184
78	18	104
33	30	165
9	10	107
75	55	96
56	36	142
33	7	122
17	45	162
6	11	104
70	1	116
62	44	132
18	44	168
35	35	166
34	2	112
5	25	115
11	41	149
77	11	108
39	30	179
1	10	100
3	38	121
68	7	123
53	45	125
85	15	100
85	32	105
5	43	122
73	35	114
77	44	97
44	9	120
63	28	144
60	5	116
15	43	160
15	3	117
70	31	124
6	46	116
74	21	123
44	22	159
54	49	115
83	12	101
19	9	130
48	26	170
45	40	137
80	53	96
69	21	144
33	60	111
27	19	174
60	21	150
61	52	104
50	10	126
53	55	108
13	31	169
70	41	111
15	37	180
38	38	163
30	1	115
7	51	110
28	17	166
41	42	142
57	17	146
1	9	100
34	24	176
59	41	140
60	56	104
35	2	112
20	3	126
27	13	153
56	5	116
79	35	107
14	24	165
74	56	96
18	60	106
70	26	133
74	17	117
70	35	119
43	39	147
28	22	180
31	19	164
56	33	144
80	49	96
3	34	118
38	43	152
85	52	94
16	13	130
50	59	105
10	10	108
61	33	136
62	30	139
53	43	132
20	15	150
60	43	137
52	54	110
70	24	136
23	44	181
56	50	110
72	45	100
81	4	101
5	9	104
69	15	140
44	51	120
79	22	103
71	42	108
36	20	157
70	44	106
45	32	158
3	58	106
4	47	110
27	30	162
56	1	111
63	8	120
28	2	121
26	37	163
59	1	112
13	46	140
40	51	128
60	27	150
79	53	96
63	10	128
46	30	163
82	24	103
24	17	168
31	23	178
75	39	108
78	10	106
17	48	149
79	24	106
47	13	132
20	51	145
87	10	100
22	16	161
6	49	111
7	35	141
32	21	167
45	50	121
12	54	115
37	42	156
68	22	146
7	20	116
83	55	95
36	24	174
27	57	121
55	32	147
49	23	170
45	3	113
20	59	108
63	53	102
31	41	175
4	51	109
11	20	137
72	5	116
1	29	107
58	20	150
53	47	120
55	59	104
25	8	142
57	41	140
38	57	114
59	44	133
23	19	173
75	12	115
60	40	140
61	16	146
79	46	96
48	61	104
46	16	142
44	10	122
58	53	105
50	36	148
7	14	107
65	5	118
10	30	156
32	12	141
19	8	129
81	53	96
64	24	150
27	42	177
66	18	150
12	14	124
63	6	119
35	61	109
1	19	103
71	36	116
14	10	119
49	5	118
60	8	120
68	54	100
31	39	166
75	60	96
64	4	117
78	24	108
86	28	105
54	23	157
19	57	111
19	39	190
2	9	101
46	57	110
51	13	134
54	41	139
83	6	100
46	51	120
39	41	150
37	9	120
2	54	107
77	35	110
30	17	160
12	22	149
23	16	164
5	19	108
20	40	190
2	45	108
56	60	103
29	54	142
64	60	100
25	18	172
16	46	153
47	20	152
84	43	96
40	1	107
48	34	155
30	45	180
6	10	104
17	50	141
50	14	136
3	8	102
62	32	136
8	12	107
72	47	100
55	60	104
68	58	99
23	46	180
58	57	104
66	22	150
30	33	149
44	20	150
18	6	125
49	36	148
62	8	120
37	61	109
11	11	112
49	13	132
50	47	123
41	31	172
36	56	120
43	23	163
45	12	128
48	5	117
5	2	104
58	52	106
38	16	143
21	5	130
32	35	154
12	52	119
63	51	104
68	39	119
42	46	133
1	22	101
1	53	107
13	33	172
73	15	124
5	34	130
87	17	100
66	35	127
85	53	94
78	51	96
31	20	168
25	32	165
17	29	185
9	41	143
74	29	120
35	59	110
44	15	138
56	37	141
65	44	119
65	48	110
59	25	150
25	41	176
75	5	106
13	42	158
7	5	107
42	6	115
26	12	151
67	52	100
20	10	133
30	14	151
28	33	154
40	35	164
66	12	134
4	15	105
20	26	190
83	40	98
42	61	107
16	8	122
65	36	128
11	6	111
81	10	103
16	19	160
69	48	100
14	41	165
49	60	104
69	22	143
28	60	110
4	59	106
9	4	109
19	50	147
40	59	110
82	16	103
50	13	133
79	55	96
9	37	148
43	54	113
85	6	99
20	47	165
47	44	128
50	6	119
16	41	172
10	4	110
6	21	113
64	36	131
61	26	150
52	31	157
47	58	107
70	48	100
59	53	105
30	60	112
55	22	155
29	10	143
61	1	113
21	34	189
72	51	98
16	35	187
21	41	189
3	28	113
14	49	135
8	36	144
83	47	96
37	57	115
8	34	146
39	33	170
58	31	142
18	29	189
77	31	114
80	48	96
86	45	95
48	42	132
39	14	133
57	5	115
73	18	123
80	32	111
17	46	157
62	61	101
52	53	111
24	1	124
18	41	180
66	50	104
41	46	136
33	47	171
48	56	110
51	8	121
10	16	120
47	52	117
80	34	106
25	23	184
10	1	108
56	47	118
9	19	123
16	20	165
80	47	96
10	42	144
56	42	138
14	17	143
37	58	112
24	42	179
42	59	108
14	58	110
41	34	165
54	38	142
9	24	132
27	48	178
78	38	105
69	61	98
8	54	110
24	33	168
8	17	115
3	29	114
26	26	181
37	6	116
57	47	115
34	38	167
11	28	156
56	40	140
48	6	119
82	2	100
61	3	115
30	54	141
11	38	157
63	46	120
70	12	128
24	13	154
80	13	103
32	59	115
73	19	125
40	33	169
84	16	101
76	40	105
45	35	152
36	31	174
33	46	173
51	7	121
61	27	150
43	12	126
30	9	138
75	40	106
9	56	110
15	61	104
15	28	175
29	36	150
75	32	116
24	8	140
36	52	136
43	17	143
4	1	103
44	54	114
4	42	120
43	13	129
23	10	141
68	13	135
48	33	158
67	20	150
20	58	110
21	29	191
69	14	137
34	9	126
37	5	114
9	18	120
18	33	190
82	36	102
86	25	101
53	36	146
17	5	122
29	24	180
85	28	109
14	37	176
40	57	111
53	19	152
45	2	112
2	40	112
69	12	129
62	36	134
58	14	141
3	52	109
85	23	101
23	51	152
29	33	151
77	26	113
16	11	125
58	55	106
76	52	96
55	30	150
14	12	124
26	19	174
38	46	149
57	36	141
22	55	130
3	55	107
1	26	104
2	31	110
29	27	172
24	19	175
2	58	105
4	44	116
47	9	122
1	7	101
66	51	102
44	46	129
13	9	115
80	35	105
55	16	143
53	49	117
42	44	136
13	8	114
22	29	187
19	47	161
32	20	164
22	50	157
80	45	96
69	10	126
55	37	142
5	40	130
33	15	146
51	35	149
36	7	118
40	12	125
32	34	153
74	59	96
8	38	144
43	16	141
38	11	122
84	54	94
84	11	101
24	27	184
75	52	96
54	7	119
52	10	125
73	1	109
85	59	94
60	45	130
3	31	114
67	53	100
60	54	104
51	23	164
74	39	109
83	23	101
84	6	100
17	18	157
31	38	159
25	27	180
83	21	101
8	9	107
1	43	108
27	22	180
71	60	97
9	32	152
45	57	110
16	30	182
20	18	164
24	48	174
77	21	107
32	43	178
86	44	96
37	26	180
20	8	131
21	35	190
3	11	103
44	8	119
35	15	143
21	39	190
85	24	101
22	51	149
51	9	123
73	48	97
51	22	163
83	26	107
77	38	106
54	50	113
77	48	96
14	48	138
31	51	159
3	54	108
71	41	109
55	1	112
11	8	110
39	6	115
42	48	130
71	6	119
3	59	105
38	37	165
41	9	119
61	36	136
79	48	96
57	54	105
22	39	185
9	33	151
75	28	119
21	40	190
54	45	125
74	15	119
78	11	106
31	46	179
29	11	145
32	53	144
4	14	104
78	4	102
34	20	158
48	45	126
61	46	123
83	14	101
26	13	154
65	13	138
20	54	129
42	57	110
39	49	140
65	32	132
11	5	111
46	55	112
38	47	148
40	24	170
32	22	172
74	33	116
61	18	150
59	13	139
53	17	146
77	29	115
9	53	114
60	12	136
51	24	166
69	13	132
56	51	110
16	9	122
7	3	106
33	6	120
74	48	96
5	35	131
83	41	98
2	15	103
5	14	105
28	27	174
35	6	116
11	34	163
86	49	95
8	26	129
22	35	183
19	11	132
86	6	99
1	12	101
3	51	109
47	19	149
6	54	109
86	32	101
61	51	106
65	12	135
2	55	107
81	38	100
49	1	113
8	21	122
67	19	149
34	28	174
54	61	104
19	45	169
78	57	96
67	5	120
27	60	110
33	55	132
38	9	119
51	40	139
62	58	102
27	49	175
44	1	110
18	14	137
41	41	145
84	31	109
11	18	129
77	5	104
34	56	125
55	5	116
21	30	191
80	14	104
16	34	187
56	41	140
21	57	115
48	35	151
38	61	109
84	38	99
60	33	138
8	16	113
43	43	135
50	19	152
23	61	105
37	14	138
28	59	111
11	53	116
18	20	169
1	14	102
1	45	107
70	47	100
42	16	141
3	25	108
44	42	136
34	11	133
30	5	126
85	37	99
62	10	129
63	12	136
75	49	96
56	3	114
34	59	112
61	48	113
69	11	128
81	21	101
11	35	164
28	36	154
60	58	103
84	56	94
52	45	126
26	30	166
74	57	96
56	30	147
34	15	145
5	24	114
22	25	190
62	54	104
77	20	106
10	36	158
73	24	128
44	52	119
30	39	163
6	60	106
65	57	102
75	51	96
76	13	112
8	28	134
15	23	170
67	21	149
6	6	106
54	54	108
14	56	113
41	19	149
73	51	97
54	13	135
9	55	110
87	40	97
52	26	161
42	12	126
7	55	109
3	24	107
60	44	134
17	52	131
77	14	107
61	21	150
21	26	190
40	38	159
33	35	158
41	27	175
48	57	109
39	45	145
16	1	116
44	36	153
5	13	105
78	31	113
28	21	179
72	33	118
75	11	111
37	31	176
72	22	133
25	10	146
29	22	179
30	12	145
63	33	134
2	57	106
79	8	104
30	37	155
29	13	149
74	14	121
81	18	102
55	39	140
15	45	152
7	8	106
60	7	119
49	17	145
64	58	102
20	29	193
51	55	110
64	22	150
17	1	118
49	22	166
9	58	109
7	39	140
58	9	122
65	1	115
48	8	120
29	39	164
68	27	135
51	52	115
8	42	139
25	49	170
79	45	96
27	38	162
49	24	170
20	60	108
10	39	149
52	9	123
69	18	143
56	7	118
17	39	182
29	51	161
43	56	110
64	59	101
72	48	98
42	19	148
64	5	118
80	56	96
36	4	112
47	21	157
13	39	166
17	30	186
10	33	158
75	43	100
82	39	99
87	6	99
2	27	107
67	31	129
82	54	95
66	2	117
36	16	145
73	43	105
32	4	118
66	13	137
41	35	162
68	15	142
85	33	102
79	20	101
10	47	125
71	35	117
3	13	104
85	49	95
81	5	101
44	30	163
18	45	165
48	51	119
30	38	158
73	37	112
78	61	96
54	6	118
73	22	129
67	6	121
69	30	127
29	44	180
45	7	118
17	34	189
23	3	129
36	27	179
55	21	154
19	35	192
12	3	111
26	15	160
85	45	96
33	37	161
45	4	114
74	6	110
78	35	108
76	4	104
25	28	177
51	49	120
76	49	96
65	30	137
6	24	118
63	48	113
25	19	175
30	42	177
45	10	123
34	23	173
87	16	99
72	27	126
4	28	118
35	39	168
35	31	170
26	48	175
6	42	129
33	34	157
56	14	139
86	57	94
63	45	124
32	58	118
82	21	101
46	9	121
49	50	120
58	36	140
25	52	150
21	18	166
36	11	128
31	58	119
28	23	180
9	2	108
39	13	128
12	7	113
16	27	181
1	1	100
36	48	157
73	46	100
73	8	114
19	26	188
85	20	100
54	9	123
14	22	162
27	34	157
30	23	179
68	4	119
50	27	170
7	29	130
57	23	151
36	10	124
18	17	155
61	58	103
11	13	118
59	29	146
2	50	108
68	32	126
5	54	109
1	34	110
10	60	107
83	29	110
54	5	117
2	10	101
9	6	109
50	50	120
19	15	145
77	46	96
39	34	168
47	57	109
46	18	146
85	58	94
33	19	156
43	38	149
21	61	107
64	18	150
62	38	138
10	50	118
39	42	149
62	14	143
84	37	99
11	9	110
23	4	131
21	56	118
42	3	110
78	26	111
8	1	106
18	3	122
66	37	125
12	42	152
69	28	130
68	36	122
57	39	140
77	10	107
36	40	163
63	37	134
19	40	187
45	45	129
22	2	125
74	32	117
40	45	140
16	43	165
61	28	147
83	50	95
23	6	135
29	21	177
19	3	125
20	4	128
54	16	143
27	14	156
39	3	111
62	49	109
65	15	145
54	2	114
26	10	147
68	33	125
64	56	102
9	36	149
22	38	184
22	20	175
67	13	137
59	24	150
38	25	177
9	31	152
51	61	104
25	15	160
48	30	165
20	38	191
4	38	127
25	12	151
9	26	135
18	2	121
75	44	100
4	61	105
81	7	102
1	57	105
69	16	142
11	19	133
39	12	124
59	2	113
85	2	98
31	60	113
40	54	118
6	52	110
53	34	149
82	35	100
44	29	165
83	48	96
66	32	130
74	55	96
65	46	114
9	46	127
24	32	169
65	9	125
10	55	111
78	13	106
58	32	141
11	21	141
30	46	180
54	44	129
20	31	195
29	53	148
64	32	134
29	61	110
9	40	145
48	28	170
36	9	120
74	44	100
2	29	110
76	45	96
47	12	129
36	17	147
83	24	103
14	47	140
52	32	155
61	49	109
70	54	99
50	38	143
57	1	111
29	43	180
71	5	119
2	19	104
42	15	137
48	36	148
62	45	125
25	24	184
24	28	181
86	1	97
76	61	96
68	52	100
79	61	95
46	61	106
19	49	152
53	39	142
11	49	124
8	19	118
32	26	176
3	9	102
53	21	156
82	19	101
32	5	120
50	58	106
20	50	149
13	7	114
73	39	109
26	42	178
79	11	105
50	31	163
44	41	138
76	42	100
50	15	139
29	34	149
16	61	104
35	13	137
47	54	114
48	10	125
68	47	105
31	31	157
85	13	99
21	53	140
18	27	187
53	32	151
79	39	100
18	58	110
70	30	125
22	26	190
74	51	96
61	31	139
67	39	122
69	9	125
67	25	144
63	42	133
67	1	116
45	43	131
51	1	115
59	42	140
62	57	103
49	10	125
76	31	116
49	34	155
9	34	151
35	44	168
10	28	150
32	51	156
71	4	117
25	47	179
86	8	100
27	58	115
70	22	140
67	43	116
28	25	180
75	15	113
56	12	134
63	40	134
26	54	139
27	44	180
52	23	160
39	8	117
32	38	161
24	7	138
33	29	169
11	14	121
41	30	172
78	36	107
59	12	136
2	59	105
6	4	106
52	13	134
19	25	186
21	2	125
14	59	108
84	46	96
39	58	110
44	60	107
26	38	165
10	5	110
37	60	110
83	7	101
22	58	112
42	58	110
78	59	96
76	18	108
16	7	121
6	47	115
86	11	100
76	22	112
13	55	114
69	27	133
80	20	101
17	54	120
30	50	171
56	45	123
14	21	161
34	34	161
2	33	111
52	21	159
31	17	157
35	3	113
50	2	115
13	41	161
64	27	146
3	30	115
23	38	177
10	56	110
46	25	168
6	20	112
21	38	190
15	42	164
86	51	94
13	51	125
84	26	106
65	18	150
13	20	154
20	9	132
57	55	107
26	58	115
26	16	164
24	49	167
27	8	142
48	3	115
31	15	151
1	41	108
7	56	109
41	7	116
1	6	101
38	48	147
47	11	127
71	46	100
31	55	135
50	61	104
83	25	104
19	54	123
5	28	122
70	34	120
53	3	116
15	36	183
65	50	105
3	47	110
61	55	104
45	36	150
48	9	122
48	44	128
4	10	103
78	15	106
13	35	172
86	41	97
60	17	148
63	36	132
32	49	169
69	23	141
74	28	120
81	3	100
12	29	163
19	51	143
9	14	111
1	59	104
78	33	111
30	57	124
63	54	103
35	7	118
35	36	168
23	28	185
28	39	163
82	25	105
31	14	148
62	15	145
15	31	180
84	5	99
49	48	121
17	42	171
41	8	117
28	29	166
32	3	116
25	45	180
43	58	110
74	2	107
78	39	100
13	36	172
30	43	179
72	56	97
65	21	150
15	47	144
73	33	117
31	28	169
75	24	122
23	31	176
80	9	104
77	30	115
5	58	107
18	59	108
52	28	160
52	44	129
12	59	108
60	47	118
6	17	109
12	27	159
82	33	106
86	42	96
65	14	141
79	32	112
42	45	134
31	18	160
26	22	181
8	35	145
24	20	178
69	3	119
65	10	128
15	2	115
34	31	166
29	42	178
80	22	103
12	26	157
46	11	126
76	54	96
80	33	108
77	19	105
42	35	160
82	9	102
10	13	113
16	47	149
47	28	168
46	3	113
77	40	100
75	61	96
42	52	121
16	36	184
56	9	122
22	60	108
6	56	108
81	13	102
76	1	102
21	52	144
67	55	101
25	31	167
69	24	139
46	40	137
77	60	96
68	59	99
65	53	103
11	7	111
79	15	105
46	52	117
43	14	133
40	28	179
45	6	117
4	39	126
38	32	174
65	52	101
85	17	100
70	57	99
44	19	148
7	49	112
44	50	122
76	27	118
52	58	106
83	28	109
19	46	165
31	49	171
12	56	111
33	54	137
59	55	105
42	4	112
77	16	106
31	27	173
44	45	130
6	33	137
44	6	117
34	54	134
10	35	158
3	33	116
46	44	129
61	4	116
35	14	141
83	11	101
75	58	96
51	18	149
22	34	182
18	40	183
18	19	162
56	49	110
11	2	110
72	3	114
58	38	140
9	25	134
79	3	101
34	37	165
55	48	115
1	27	105
24	14	157
31	13	146
38	59	110
40	26	177
3	3	103
77	39	105
33	10	133
50	23	168
58	24	150
44	4	113
83	49	95
71	31	122
71	28	127
20	42	184
76	33	114
61	20	150
78	7	104
25	54	139
26	60	109
64	41	130
64	20	150
55	18	148
61	29	143
3	50	109
7	52	110
56	16	144
82	51	95
7	38	140
34	3	113
14	8	117
24	36	169
54	29	154
33	53	140
72	12	126
2	61	104
71	10	123
55	31	148
62	47	117
30	58	117
77	25	111
76	55	96
42	1	108
68	28	133
59	16	146
51	37	144
86	29	106
58	18	149
44	25	164
10	14	116
2	39	114
31	53	146
44	18	146
8	11	106
82	52	95
58	41	140
52	40	140
71	15	136
6	30	129
49	29	169
3	49	109
80	39	100
74	1	106
48	11	127
32	42	176
24	31	171
49	39	140
19	32	192
47	51	119
26	20	178
76	59	96
79	59	96
55	34	145
64	26	149
35	8	120
66	36	126
82	23	102
81	54	96
83	37	99
45	48	125
36	42	162
31	61	110
26	21	180
13	49	131
18	26	186
24	51	155
57	20	151
24	22	184
79	31	112
5	5	105
10	34	157
61	25	150
1	49	108
47	27	170
34	13	139
67	22	149
22	15	157
58	47	117
81	42	98
43	10	121
1	40	110
66	19	150
54	10	126
9	43	139
5	11	104
18	1	120
37	16	144
56	35	143
56	19	150
75	45	96
74	25	125
16	21	168
10	7	110
33	36	159
23	11	143
31	44	180
61	35	135
2	16	103
59	14	141
24	57	121
47	36	148
75	42	100
81	32	110
48	59	105
7	16	109
65	27	145
87	36	99
37	40	160
81	51	96
50	51	118
27	33	157
57	51	109
79	60	96
83	19	100
6	38	136
34	14	142
38	4	113
50	4	117
65	23	150
1	24	103
39	25	176
39	23	168
27	5	134
76	35	112
59	31	141
68	25	140
26	32	161
19	17	157
74	7	110
69	46	105
26	59	110
1	56	106
13	23	157
45	25	166
28	42	175
63	22	150
42	25	168
68	26	138
53	14	137
1	18	104
87	19	100
51	50	119
10	22	136
24	54	139
29	17	163
58	37	140
66	40	124
51	11	128
59	4	114
78	22	105
59	47	118
81	27	110
25	21	181
30	6	130
43	60	107
36	35	170
21	4	130
2	52	108
73	59	96
58	58	104
11	32	163
84	32	107
1	48	108
69	58	99
38	33	170
25	20	178
63	23	150
65	49	108
61	61	101
14	11	121
15	20	163
53	58	105
75	47	96
84	30	109
25	58	115
37	15	142
67	16	145
38	41	154
44	3	112
60	46	122
18	15	142
6	48	113
79	6	103
65	39	128
12	11	116
71	38	114
82	22	101
59	54	105
62	51	105
58	12	135
2	14	103
81	40	99
19	18	160
39	47	143
4	58	106
23	50	160
29	16	160
49	56	110
1	31	108
11	4	111
26	49	173
24	12	149
57	43	136
29	56	129
27	26	180
1	5	101
43	36	155
60	61	102
53	8	121
66	55	102
60	31	140
60	51	106
65	45	116
24	34	168
27	23	180
26	28	173
12	18	138
18	24	183
54	37	144
18	57	110
30	20	171
85	16	100
64	47	115
3	19	105
72	29	124
58	61	103
86	39	97
60	2	114
57	26	151
56	20	152
33	48	168
10	20	129
81	2	100
72	57	97
29	8	138
12	15	127
69	5	120
17	15	142
58	25	150
46	28	168
76	34	113
2	1	101
83	36	100
80	36	105
2	36	114
78	8	104
28	43	178
27	29	167
62	56	103
86	31	104
79	19	102
85	60	94
42	53	118
50	26	170
56	27	153
10	49	120
34	4	114
30	24	179
1	44	107
71	14	133
31	26	177
19	38	190
68	35	123
33	40	170
36	49	153
30	53	147
6	1	105
45	55	111
10	61	107
4	26	114
40	19	150
6	22	115
53	20	155
83	57	94
1	17	103
22	18	168
21	55	125
19	7	128
68	9	126
78	23	107
17	57	110
47	59	106
35	51	146
29	58	116
77	53	96
10	40	148
9	7	109
4	60	105
22	43	185
82	1	99
86	54	94
5	29	121
66	43	118
3	22	105
56	10	125
8	51	112
62	18	150
12	55	113
15	33	183
29	5	129
59	17	147
54	27	156
29	2	120
43	18	146
9	44	135
59	60	103
6	27	124
48	7	119
39	36	165
12	24	153
56	6	117
70	36	118
51	20	157
43	9	120
79	26	110
14	55	115
58	27	150
25	14	157
34	30	169
35	16	145
78	19	103
87	57	94
39	16	141
86	26	103
46	7	118
77	45	96
74	18	117
36	18	150
5	16	106
72	26	127
75	13	116
54	34	147
59	38	140
40	8	116
66	60	100
1	2	100
37	48	151
56	53	107
50	30	164
74	13	120
60	10	128
24	43	180
33	56	127
30	27	171
73	14	125
58	33	140
21	3	127
46	41	135
25	46	180
77	49	96
66	9	125
85	51	95
86	22	100
49	61	104
62	46	122
82	28	110
37	19	153
13	29	167
27	17	167
45	38	142
42	36	158
40	4	112
25	25	185
2	60	104
14	61	105
72	31	121
71	40	110
77	6	105
41	25	171
54	1	113
24	4	132
84	33	104
19	48	156
24	5	135
65	31	134
26	5	136
64	19	150
36	58	113
65	6	119
76	25	117
71	61	97
76	57	96
21	23	186
44	55	111
52	5	119
24	46	180
51	4	118
69	37	119
86	17	100
54	40	140
13	53	118
71	16	134
50	45	128
13	59	108
41	17	144
49	30	166
24	25	187
46	36	148
18	61	104
81	60	95
6	50	110
83	52	95
51	53	113
75	19	111
25	13	154
41	5	113
36	8	119
51	48	120
41	49	131
82	8	102
74	10	114
40	58	110
34	60	110
14	23	163
19	19	167
26	43	179
76	8	106
2	32	110
38	14	135
83	45	96
49	12	130
81	52	96
85	18	100
27	1	120
64	7	119
7	21	118
68	10	128
68	61	99
26	45	181
75	2	105
64	48	112
49	28	170
7	1	105
46	49	123
27	43	178
15	60	106
64	15	145
66	25	148
79	57	96
40	14	132
10	52	117
17	4	121
2	56	106
76	39	107
35	25	178
62	26	150
42	21	155
22	42	186
67	8	124
64	43	124
22	21	179
7	28	129
22	14	152
13	10	117
33	13	141
52	20	156
71	48	100
66	31	133
20	7	130
14	45	148
28	11	147
64	34	131
38	53	125
14	35	177
41	33	168
52	41	137
27	24	180
23	54	138
52	30	158
51	42	134
86	56	94
62	19	150
34	33	161
64	11	132
82	58	95
75	25	122
56	56	105
39	27	180
4	24	110
39	38	161
13	38	169
42	7	116
51	32	158
53	46	122
15	50	134
51	15	139
28	32	156
77	52	96
76	19	108
71	49	100
61	54	104
23	35	174
40	36	163
79	43	97
67	59	100
77	22	108
19	31	193
8	25	128
23	15	161
5	20	108
51	58	106
12	57	110
20	21	176
12	37	166
41	55	114
83	20	100
69	36	120
32	60	112
35	28	176
85	57	94
53	37	145
71	3	116
70	43	109
38	31	178
20	48	160
48	46	125
16	22	170
80	40	99
7	6	107
36	19	153
46	34	153
43	4	113
14	19	156
44	24	163
58	60	103
23	24	188
27	40	170
57	9	121
46	46	126
54	4	116
81	8	102
16	25	179
79	49	96
28	4	129
53	28	158
36	43	163
20	52	142
85	35	100
27	15	160
9	52	115
45	21	154
38	6	116
55	45	125
29	57	123
52	19	152
61	17	149
43	19	148
73	50	97
32	15	148
82	18	101
46	10	124
79	30	112
72	20	133
66	48	107
43	41	141
58	6	116
66	49	106
22	11	140
77	15	106
73	13	124
85	7	100
12	47	133
50	46	125
43	31	164
63	52	102
5	57	107
67	60	100
84	20	100
84	10	102
31	33	151
73	9	116
75	56	96
3	18	106
28	19	173
13	22	155
57	25	151
31	42	177
49	37	146
72	13	127
15	24	171
45	20	151
3	36	119
63	34	133
62	24	150
87	55	94
85	12	100
37	35	170
57	21	151
38	20	156
44	61	107
48	15	139
70	39	114
79	29	111
22	59	110
81	45	96
11	12	114
60	39	140
14	15	132
65	59	100
57	31	144
66	42	120
12	16	129
39	55	118
30	30	160
87	44	95
13	27	164
50	28	168
15	51	130
21	58	111
42	2	109
15	15	137
11	51	119
38	18	149
45	1	111
76	11	109
28	58	116
60	6	117
7	12	106
20	28	192
72	30	122
62	22	150
70	27	131
78	50	96
16	10	123
28	45	181
87	43	96
83	3	99
67	23	147
69	54	99
59	61	102
62	41	139
19	56	115
15	39	177
28	51	160
41	61	107
20	2	124
20	25	189
63	35	132
18	35	191
6	40	135
49	57	108
49	7	120
27	41	175
77	55	96
46	6	118
87	15	99
6	2	105
28	28	169
80	37	102
78	46	96
55	36	143
35	50	152
33	2	113
59	18	149
71	34	119
61	14	142
9	50	115
46	33	156
48	17	144
24	59	110
62	34	134
75	48	96
17	19	161
62	9	123
85	21	100
1	51	107
14	5	116
32	44	178
18	37	190
60	9	122
6	29	126
43	33	160
16	32	184
1	23	102
54	33	148
72	6	116
32	16	151
47	39	139
27	28	171
66	1	116
10	29	151
47	22	162
67	15	144
54	3	115
71	1	114
86	43	96
68	51	100
61	9	123
65	24	150
64	54	103
11	23	145
47	15	139
55	9	122
79	21	102
67	28	136
7	59	107
83	56	94
84	45	96
82	61	94
15	6	118
43	48	128
7	4	107
74	34	115
18	32	189
66	3	118
30	40	170
54	14	138
5	22	110
54	36	145
40	39	155
15	44	156
53	7	120
33	9	129
82	6	101
43	47	129
29	29	164
39	46	143
82	10	103
14	26	167
32	7	127
66	45	114
51	29	163
74	46	96
4	13	104
25	42	178
17	43	168
15	18	156
50	25	170
8	18	117
19	5	126
71	32	121
50	44	130
38	30	179
86	36	99
71	47	100
76	43	100
24	61	105
13	2	111
48	32	161
10	31	158
2	48	109
55	14	138
46	26	169
16	2	118
52	27	161
15	5	117
23	43	182
14	18	151
59	23	150
43	49	126
60	35	137
13	14	126
12	31	166
14	57	111
71	19	138
33	5	118
49	2	114
87	29	100
54	15	140
23	32	174
41	52	122
22	49	163
3	41	116
70	13	130
44	14	133
86	13	99
65	16	148
9	39	146
81	19	101
25	53	144
86	4	98
8	30	141
56	22	153
13	1	110
42	5	114
72	14	129
48	23	169
15	25	172
75	23	122
8	13	108
42	26	169
83	30	110
20	49	155
82	30	110
35	4	113
59	56	104
6	26	121
41	1	107
61	53	103
64	16	148
12	19	143
59	58	103
80	59	96
33	24	176
56	46	120
53	15	140
74	9	113
5	56	107
2	41	110
75	17	111
20	32	194
81	22	102
65	17	150
64	39	131
38	1	108
25	38	168
56	21	153
80	31	111
69	29	128
2	38	115
75	33	115
31	2	116
22	30	184
81	30	111
35	29	174
41	51	126
22	10	139
39	40	154
42	41	143
87	26	100
26	36	161
33	26	176
54	18	148
45	60	107
85	30	109
31	22	174
18	12	132
32	57	123
41	6	114
29	23	180
83	1	99
40	55	116
12	35	168
61	60	102
79	27	111
85	5	99
29	50	170
12	17	133
17	12	129
12	20	146
35	20	157
68	55	100
80	2	100
20	35	191
83	33	105
22	37	183
12	4	113
18	38	188
81	48	96
53	9	122
26	40	173
25	6	138
75	22	119
41	12	125
9	8	108
59	45	129
9	11	108
83	31	109
8	23	125
55	43	133
64	61	100
21	44	181
37	38	164
74	61	96
31	30	161
4	32	121
44	23	162
87	46	95
61	34	136
71	51	99
16	55	115
24	9	142
75	18	110
26	1	123
68	53	100
30	11	143
73	54	96
20	17	159
48	14	135
5	15	105
60	14	142
68	5	120
53	54	109
55	51	110
22	40	186
72	34	117
5	52	110
72	35	116
69	8	124
52	48	120
34	53	138
53	44	128
30	44	180
12	58	109
70	23	138
6	9	105
24	41	178
1	58	105
59	21	150
7	25	123
10	8	109
10	21	133
26	34	160
48	39	139
25	51	157
57	15	142
52	39	142
55	27	154
20	33	193
49	31	163
15	34	183
64	33	133
25	50	163
47	53	116
5	10	103
73	27	124
4	53	109
46	45	127
14	25	166
40	25	174
72	25	129
77	3	103
2	51	108
80	52	96
70	10	125
79	14	106
22	47	173
48	20	154
72	58	97
26	55	134
33	45	176
52	59	105
11	57	110
77	61	96
52	24	162
82	41	98
20	24	186
31	45	180
24	38	172
80	23	104
12	2	110
73	5	113
72	39	110
58	5	115
41	18	146
60	19	150
67	50	102
11	60	107
74	58	96
54	35	146
84	61	94
57	12	135
9	59	108
58	10	127
37	49	149
46	23	164
1	55	106
24	18	171
18	49	149
10	44	137
4	20	106
77	28	115
49	53	114
83	60	94
42	32	168
60	42	140
27	6	137
19	6	127
44	57	110
87	38	97
35	26	178
61	37	138
9	15	113
72	38	112
82	38	99
50	41	136
59	15	144
81	44	97
70	8	123
40	56	114
19	13	136
51	39	141
31	16	154
58	40	140
6	58	107
13	17	140
37	53	127
29	38	158
58	7	117
28	34	153
74	26	123
67	10	128
33	31	163
31	25	179
40	40	152
28	6	134
34	1	111
5	30	123
80	60	95
4	25	111
27	31	160
57	40	140
44	34	156
49	20	156
84	13	100
68	44	112
69	1	117
74	38	109
80	44	97
40	34	166
72	40	109
29	32	154
54	17	146
66	15	145
57	53	106
67	61	100
71	26	130
22	33	182
7	27	127
87	48	94
6	53	110
86	18	100
25	48	177
74	30	119
15	22	168
41	54	117
51	31	160
75	16	112
50	55	110
83	32	108
49	45	127
48	29	168
16	17	152
71	44	105
18	55	116
23	23	187
11	25	148
63	58	102
58	8	119
26	50	166
22	31	184
64	14	142
34	42	173
63	7	118
64	25	150
87	5	98
44	56	110
50	18	148
25	4	133
38	3	111
20	6	129
67	29	133
38	45	152
41	10	120
41	15	137
34	50	155
60	22	150
26	3	131
26	53	145
82	43	97
21	7	133
64	38	131
75	4	106
9	35	150
8	57	109
59	6	117
75	38	108
41	23	166
7	23	121
52	4	118
79	50	96
56	54	106
58	28	149
24	29	179
29	15	157
23	45	181
57	14	140
17	22	174
32	24	176
36	59	110
14	51	127
21	12	140
24	21	181
56	11	131
55	33	146
42	34	163
74	3	108
29	60	112
2	24	105
49	54	112
80	5	102
50	40	138
2	18	105
60	15	144
46	17	144
36	60	110
8	8	107
80	55	96
42	8	117
44	43	133
59	10	128
83	46	96
45	24	164
29	47	178
1	46	108
57	60	103
70	16	140
76	30	116
16	50	138
15	4	117
71	53	98
84	23	101
22	48	169
7	41	137
40	42	145
71	55	98
69	45	107
68	2	118
82	20	100
17	56	111
77	23	109
51	19	152
7	7	107
7	43	129
40	3	110
43	3	111
60	18	150
6	8	105
50	37	146
35	42	168
4	34	124
52	16	142
75	46	96
37	27	180
62	33	135
73	12	123
65	33	131
55	25	155
33	42	175
37	54	124
7	61	106
79	54	96
26	57	121
26	17	168
9	5	109
74	47	96
61	50	108
27	55	134
19	42	181
78	37	106
44	5	116
84	12	100
41	58	110
41	45	137
2	49	109
66	23	150
6	7	106
47	55	112
17	47	152
58	22	150
77	2	102
28	54	142
37	56	118
36	33	170
79	41	99
17	6	123
26	14	157
29	59	113
81	46	96
34	46	168
47	50	120
71	12	127
60	53	103
46	24	165
38	50	140
50	11	128
15	17	150
69	26	135
86	15	99
24	58	115
39	52	126
23	56	126
51	16	142
50	35	151
85	50	95
39	21	160
24	3	130
77	51	96
35	24	176
21	19	171
9	51	115
17	60	106
70	7	122
12	28	160
63	26	150
22	45	181
20	13	139
76	44	97
59	39	140
17	37	189
54	60	104
64	9	124
8	59	108
41	24	168
33	39	170
9	17	118
70	45	106
32	55	134
18	36	190
49	21	161
59	7	118
71	18	136
57	35	142
37	32	172
9	45	131
53	42	135
28	44	180
1	37	110
17	40	179
78	43	97
10	12	110
9	16	116
53	35	147
22	8	136
84	28	109
77	18	105
24	11	147
1	54	107
8	20	120
27	20	178
81	59	95
54	55	108
81	33	107
9	20	125
21	20	174
12	8	112
61	8	120
7	10	105
40	11	122
33	59	113
6	16	107
14	14	128
85	29	108
1	61	103
74	43	100
39	61	109
5	55	108
10	18	125
39	32	174
7	36	140
42	54	115
82	42	98
37	39	162
48	21	159
34	41	171
70	50	100
60	11	133
18	47	157
52	33	153
29	45	180
10	23	138
82	57	95
30	2	118
85	44	96
3	37	121
87	8	99
37	24	174
35	49	156
25	17	168
16	28	181
3	45	110
78	16	105
65	42	123
34	16	147
57	10	126
40	43	143
50	49	120
41	3	109
57	28	150
20	37	191
59	34	139
84	19	100
48	48	122
57	13	138
81	28	111
37	21	160
55	8	120
46	32	158
11	10	110
19	14	139
39	39	158
41	48	133
79	44	97
57	19	150
39	4	112
85	54	94
82	59	95
87	52	94
72	61	96
79	47	96
17	59	108
25	30	170
67	9	126
29	20	174
4	41	122
35	45	167
14	2	113
39	35	166
66	24	150
69	57	99
12	1	110
75	31	117
80	30	111
66	59	100
7	42	134
36	57	117
70	58	98
62	52	103
53	53	110
54	57	106
12	46	136
77	17	105
45	42	133
21	54	134
47	38	141
21	17	162
65	28	142
65	25	150
78	42	98
11	30	161
35	21	161
15	29	177
40	5	113
47	17	144
62	4	116
86	9	100
24	56	128
69	20	144
73	20	127
43	27	168
45	22	158
18	25	184
50	57	109
23	26	189
62	37	136
18	31	189
3	1	102
37	11	125
1	39	110
78	6	103
37	50	144
21	48	164
50	21	161
56	43	134
78	2	101
70	15	139
83	18	101
24	52	148
34	32	164
69	55	99
83	38	99
68	34	124
46	5	117
30	32	153
47	8	120
84	24	101
43	8	118
47	49	122
49	19	150
32	56	128
68	49	101
84	48	95
